 {
     "uri": "javascript/thingview/golf_cart",
     "title": "GOLF_CART",
     "filename": "golf_cart.ol",
     "rotation": [1, 0, 0, 0, 1, 0, 0, 0, 1],
     "translation": [0, 0, 0],
     "children": [{
             "title": "LEG",
             "filename": "leg.ol",
             "rotation": [1, 0, 0, 0, 1, 0, 0, 0, 1],
             "translation": [0, 0, 0],
             "children": [{
                     "title": "LEFT_ACTUATOR",
                     "filename": "left_actuator.ol",
                     "rotation": [1, 0, 0, 0, 1, 0, 0, 0, 1],
                     "translation": [0, 0, 0],
                     "children": [{
                             "title": "LOWER_LEFT_ARM",
                             "filename": "lower_left_arm.ol",
                             "rotation": [1, 0, 0, 0, 1, 0, 0, 0, 1],
                             "translation": [0, 0, 0],
                             "children": []
                         },
                         {
                             "title": "UPPER_LEFT_ARM",
                             "filename": "upper_left_arm.ol",
                             "rotation": [1, 0, 0, 0, 1, 0, 0, 0, 1],
                             "translation": [0, 0, 0],
                             "children": []
                         },
                         {
                             "title": "LOWER_LEFT_ACTUATOR",
                             "filename": "lower_left_actuator.ol",
                             "rotation": [1, 0, 0, 0, 1, 0, 0, 0, 1],
                             "translation": [0, 0, 0],
                             "children": []
                         },
                         {
                             "title": "AXLE_LATCH",
                             "filename": "axle_latch.ol",
                             "rotation": [1, 0, 0, 0, 1, 0, 0, 0, 1],
                             "translation": [-0.511875, 0, 0],
                             "children": []
                         },
                         {
                             "title": "AXLE_FASTENER",
                             "filename": "axle_fastener.ol",
                             "rotation": [-1, -0.00000000000000012246467991473532, 0, 0.00000000000000012246467991473532, -1, 0, 0, 0, 1],
                             "translation": [0, -1.925064, 0],
                             "children": []
                         },
                         {
                             "title": "BOLT_1_4",
                             "filename": "bolt_1_4.ol",
                             "rotation": [0.6546536753371506, -0.7071067776913401, 0.26726123982076083, 0, 0.3535533897012925, 0.9354143470306225, -0.7559289420094726, -0.6123724402466979, 0.23145502599585904],
                             "translation": [-0.220176, -0.974871, 0.402264],
                             "children": []
                         },
                         {
                             "title": "BOLT_1_4",
                             "filename": "bolt_1_4.ol",
                             "rotation": [0.6546536753371506, -0.7071067776913401, 0.26726123982076083, 0, 0.3535533897012925, 0.9354143470306225, -0.7559289420094726, -0.6123724402466979, 0.23145502599585904],
                             "translation": [-0.238136, -0.967354, 0.427344],
                             "children": []
                         },
                         {
                             "title": "NUT_1_4",
                             "filename": "nut_1_4.ol",
                             "rotation": [0.6546536753371506, 0.2672612398207608, 0.7071067776913402, 0, 0.9354143470306227, -0.35355338970129246, -0.7559289420094726, 0.231455025995859, 0.6123724402466979],
                             "translation": [-0.221972, -0.973973, 0.400709],
                             "children": []
                         },
                         {
                             "title": "NUT_1_4",
                             "filename": "nut_1_4.ol",
                             "rotation": [-0.6546536753371506, 0.26726123982076094, -0.7071067776913401, 0.0000000000000000801719528051692, 0.9354143470306225, 0.3535533897012927, 0.7559289420094726, 0.23145502599585907, -0.6123724402466979],
                             "translation": [-0.244423, -0.964211, 0.4219],
                             "children": []
                         }
                     ]
                 },
                 {
                     "title": "RIGHT_ACTUATOR",
                     "filename": "right_actuator.ol",
                     "rotation": [1, 0, 0, 0, 1, 0, 0, 0, 1],
                     "translation": [0, 0, 0],
                     "children": [{
                             "title": "LOWER_RIGHT_ACTUATOR",
                             "filename": "lower_right_actuator.ol",
                             "rotation": [1, 0, 0, 0, 1, 0, 0, 0, 1],
                             "translation": [0, 0, 0],
                             "children": []
                         },
                         {
                             "title": "UPPER_RIGHT_ARM",
                             "filename": "upper_right_arm.ol",
                             "rotation": [1, 0, 0, 0, 1, 0, 0, 0, 1],
                             "translation": [0, 0, 0],
                             "children": []
                         },
                         {
                             "title": "LOWER_RIGHT_ARM",
                             "filename": "lower_right_arm.ol",
                             "rotation": [1, 0, 0, 0, 1, 0, 0, 0, 1],
                             "translation": [0, 0, 0],
                             "children": []
                         },
                         {
                             "title": "AXLE_LATCH",
                             "filename": "axle_latch.ol",
                             "rotation": [1, 0, 0, 0, 1, 0, 0, 0, 1],
                             "translation": [0, 0, 0],
                             "children": []
                         },
                         {
                             "title": "AXLE_FASTENER",
                             "filename": "axle_fastener.ol",
                             "rotation": [1, 0, 0, 0, 1, 0, 0, 0, 1],
                             "translation": [0, 0, 0],
                             "children": []
                         },
                         {
                             "title": "BOLT_1_4",
                             "filename": "bolt_1_4.ol",
                             "rotation": [0.6546536753371506, 0.7071067776913401, -0.26726123982076083, 0, 0.3535533897012925, 0.9354143470306225, 0.7559289420094726, -0.6123724402466979, 0.23145502599585904],
                             "translation": [0.220176, -0.974871, 0.402264],
                             "children": []
                         },
                         {
                             "title": "BOLT_1_4",
                             "filename": "bolt_1_4.ol",
                             "rotation": [0.6546536753371506, 0.7071067776913401, -0.26726123982076083, 0, 0.3535533897012925, 0.9354143470306225, 0.7559289420094726, -0.6123724402466979, 0.23145502599585904],
                             "translation": [0.238136, -0.967354, 0.427344],
                             "children": []
                         },
                         {
                             "title": "NUT_1_4",
                             "filename": "nut_1_4.ol",
                             "rotation": [-0.6546536753371506, -0.26726123982076094, 0.7071067776913401, -0.0000000000000000801719528051692, 0.9354143470306225, 0.3535533897012927, -0.7559289420094726, 0.23145502599585907, -0.6123724402466979],
                             "translation": [0.226462, -0.971728, 0.39682],
                             "children": []
                         },
                         {
                             "title": "NUT_1_4",
                             "filename": "nut_1_4.ol",
                             "rotation": [-0.6546536753371506, -0.26726123982076094, 0.7071067776913401, -0.0000000000000000801719528051692, 0.9354143470306225, 0.3535533897012927, -0.7559289420094726, 0.23145502599585907, -0.6123724402466979],
                             "translation": [0.244423, -0.964211, 0.4219],
                             "children": []
                         }
                     ]
                 },
                 {
                     "title": "UPPER_ACTUATOR",
                     "filename": "upper_actuator.ol",
                     "rotation": [1, 0, 0, 0, 1, 0, 0, 0, 1],
                     "translation": [0, 0, 0],
                     "children": []
                 },
                 {
                     "title": "ACTUATOR_LOCK",
                     "filename": "actuator_lock.ol",
                     "rotation": [1, 0, 0, 0, 1, 0, 0, 0, 1],
                     "translation": [0, 0, 0],
                     "children": []
                 },
                 {
                     "title": "BOLT_1_8",
                     "filename": "bolt_1_8.ol",
                     "rotation": [0.6546536753371506, 0.7071067776913401, -0.26726123982076083, 0, 0.3535533897012925, 0.9354143470306225, 0.7559289420094726, -0.6123724402466979, 0.23145502599585904],
                     "translation": [0.041823, -0.867945, 0.255162],
                     "children": []
                 },
                 {
                     "title": "BOLT_1_8",
                     "filename": "bolt_1_8.ol",
                     "rotation": [0.6546536753371506, 0.7071067776913401, -0.26726123982076083, 0, 0.3535533897012925, 0.9354143470306225, 0.7559289420094726, -0.6123724402466979, 0.23145502599585904],
                     "translation": [0.023862, -0.875462, 0.230083],
                     "children": []
                 },
                 {
                     "title": "BOLT_1_8",
                     "filename": "bolt_1_8.ol",
                     "rotation": [0.6546536753371506, -0.7071067776913401, 0.26726123982076083, 0, 0.3535533897012925, 0.9354143470306225, -0.7559289420094726, -0.6123724402466979, 0.23145502599585904],
                     "translation": [-0.023862, -0.875462, 0.230083],
                     "children": []
                 },
                 {
                     "title": "BOLT_1_8",
                     "filename": "bolt_1_8.ol",
                     "rotation": [0.6546536753371506, -0.7071067776913401, 0.26726123982076083, 0, 0.3535533897012925, 0.9354143470306225, -0.7559289420094726, -0.6123724402466979, 0.23145502599585904],
                     "translation": [-0.041823, -0.867945, 0.255162],
                     "children": []
                 },
                 {
                     "title": "NUT_1_8",
                     "filename": "nut_1_8.ol",
                     "rotation": [0.6963642448240994, -0.12278779541816609, 0.707106778235726, -0.49856584901744827, -0.7914746280944491, 0.35355340088346504, 0.5162450316701097, -0.5987412382482935, -0.6123724331620649],
                     "translation": [0.044593, -0.86656, 0.252763],
                     "children": []
                 },
                 {
                     "title": "NUT_1_8",
                     "filename": "nut_1_8.ol",
                     "rotation": [-0.6546536753371506, -0.26726123982076094, 0.7071067776913401, -0.0000000000000000801719528051692, 0.9354143470306225, 0.3535533897012927, -0.7559289420094726, 0.23145502599585907, -0.6123724402466979],
                     "translation": [0.028057, -0.873365, 0.226451],
                     "children": []
                 },
                 {
                     "title": "NUT_1_8",
                     "filename": "nut_1_8.ol",
                     "rotation": [0.6963642448240994, 0.12278779541816609, -0.707106778235726, 0.49856584901744827, -0.7914746280944491, 0.35355340088346504, -0.5162450316701097, -0.5987412382482935, -0.6123724331620649],
                     "translation": [-0.044593, -0.86656, 0.252763],
                     "children": []
                 },
                 {
                     "title": "NUT_1_8",
                     "filename": "nut_1_8.ol",
                     "rotation": [-0.6546536753371506, 0.26726123982076094, -0.7071067776913401, 0.0000000000000000801719528051692, 0.9354143470306225, 0.3535533897012927, 0.7559289420094726, 0.23145502599585907, -0.6123724402466979],
                     "translation": [-0.028057, -0.873365, 0.226451],
                     "children": []
                 }
             ]
         },
         {
             "title": "LOWER_SUPPORT",
             "filename": "lower_support.ol",
             "rotation": [1, 0, 0, 0, 1, 0, 0, 0, 1],
             "translation": [0, 0, 0],
             "children": [{
                     "title": "LOWER_SUPP_BAR",
                     "filename": "lower_supp_bar.ol",
                     "rotation": [1, 0, 0, 0, 1, 0, 0, 0, 1],
                     "translation": [0, 0, 0],
                     "children": []
                 },
                 {
                     "title": "SUPPORT_CAP",
                     "filename": "support_cap.ol",
                     "rotation": [0.000000000000000030616169978683836, -0.000000000000000008203578021122321, 1, 0.5000000000000001, 0.8660254037844386, -0.000000000000000008203578021122321, -0.8660254037844386, 0.5000000000000001, 0.000000000000000030616169978683836],
                     "translation": [0.015875, -0.785015, 0.236745],
                     "children": []
                 },
                 {
                     "title": "LOWER_BAG_HOLDER",
                     "filename": "lower_bag_holder.ol",
                     "rotation": [1, 0, 0, 0, -0.8660254037844387, 0.49999999999999994, 0, -0.49999999999999994, -0.8660254037844387],
                     "translation": [0, -1.101102, 0.009525],
                     "children": []
                 },
                 {
                     "title": "PIN",
                     "filename": "pin.ol",
                     "rotation": [0.00000000000000006123233995736766, 1, 0, -1, 0.00000000000000006123233995736766, 0, 0, 0, 1],
                     "translation": [0.022225, -1.101102, 0.009525],
                     "children": []
                 }
             ]
         },
         {
             "title": "UPPER_SUPPORT",
             "rotation": [1, 0, 0, 0, 1, 0, 0, 0, 1],
             "translation": [0, 0, 0],
             "children": [{
                     "title": "BOTTOM_SLIDER",
                     "filename": "bottom_slider.ol",
                     "rotation": [1, 0, 0, 0, 0.8660254037844387, -0.49999999999999994, 0, 0.49999999999999994, 0.8660254037844387],
                     "translation": [0, -0.941843, 0.218058],
                     "children": []
                 },
                 {
                     "title": "BOTTOM_SLIDER_CAP",
                     "filename": "bottom_slider_cap.ol",
                     "rotation": [0.000000000000000030616169978683836, -0.000000000000000008203578021122321, 1, 0.5000000000000001, 0.8660254037844386, -0.000000000000000008203578021122321, -0.8660254037844386, 0.5000000000000001, 0.000000000000000030616169978683836],
                     "translation": [0, -0.721872, 0.345058],
                     "children": []
                 },
                 {
                     "title": "UPPER_SLIDER",
                     "filename": "upper_slider.ol",
                     "rotation": [1, 0, 0, 0, 0.8660254037844387, -0.49999999999999994, 0, 0.49999999999999994, 0.8660254037844387],
                     "translation": [0, -0.831858, 0.281558],
                     "children": []
                 },
                 {
                     "title": "UPPER_BAG_HOLDER",
                     "filename": "upper_bag_holder.ol",
                     "rotation": [1, 0, 0, 0, 0.5000000000000001, 0.8660254037844386, 0, -0.8660254037844386, 0.5000000000000001],
                     "translation": [0, -0.481412, 0.472889],
                     "children": []
                 },
                 {
                     "title": "HANDLE",
                     "filename": "handle.ol",
                     "rotation": [0.000000000000000030616169978683836, -0.000000000000000008203578021122321, 1, 0.5000000000000001, 0.8660254037844386, -0.000000000000000008203578021122321, -0.8660254037844386, 0.5000000000000001, 0.000000000000000030616169978683836],
                     "translation": [0, -0.192356, 0.647108],
                     "children": []
                 },
                 {
                     "title": "CARD_HOLDER",
                     "filename": "card_holder.ol",
                     "rotation": [1, 0, 0, 0, 1, 0, 0, 0, 1],
                     "translation": [0, 0, 0],
                     "children": []
                 }
             ]
         },
         {
             "title": "WHEELS_ASSEM",
             "filename": "wheels_assem.ol",
             "rotation": [1, 0, 0, 0, 1, 0, 0, 0, 1],
             "translation": [0, 0, 0],
             "children": [{
                     "title": "WHEEL_AXLE",
                     "filename": "wheel_axle.ol",
                     "rotation": [-1, 0.00000000000000006123233995736764, 0.00000000000000010605752387249069, 0.00000000000000012246467991473532, 0.4999999999999998, 0.8660254037844387, 0, 0.8660254037844387, -0.4999999999999998],
                     "translation": [0.000254, -0.87851, 1.521623],
                     "children": []
                 },
                 {
                     "title": "WHEEL_AXLE",
                     "filename": "wheel_axle.ol",
                     "rotation": [1, 0, 0, 0, 1, 0, 0, 0, 1],
                     "translation": [-0.000254, 0, 0],
                     "children": []
                 },
                 {
                     "title": "BEARING_AXLE",
                     "filename": "bearing_axle.ol",
                     "rotation": [0.00000000000000006123233995736766, 1, 0, -1, 0.00000000000000006123233995736766, 0, 0, 0, 1],
                     "translation": [0.341662, -0.989074, 0.443374],
                     "children": []
                 },
                 {
                     "title": "BEARING_AXLE",
                     "filename": "bearing_axle.ol",
                     "rotation": [0.00000000000000006123233995736766, -1, 0, 1, 0.00000000000000006123233995736766, 0, 0, 0, 1],
                     "translation": [-0.341662, -0.989074, 0.443374],
                     "children": []
                 },
                 {
                     "title": "AXLE_SLEEVE",
                     "filename": "axle_sleeve.ol",
                     "rotation": [0.00000000000000006123233995736766, 1, 0, -1, 0.00000000000000006123233995736766, 0, 0, 0, 1],
                     "translation": [0.302075, -0.989074, 0.443374],
                     "children": []
                 },
                 {
                     "title": "AXLE_SLEEVE",
                     "filename": "axle_sleeve.ol",
                     "rotation": [0.00000000000000006123233995736766, -1, 0, 1, 0.00000000000000006123233995736766, 0, 0, 0, 1],
                     "translation": [-0.302075, -0.989074, 0.443374],
                     "children": []
                 },
                 {
                     "title": "WHEEL_HUB",
                     "filename": "wheel_hub.ol",
                     "rotation": [0.00000000000000006123233995736766, 1, 0, -1, 0.00000000000000006123233995736766, 0, 0, 0, 1],
                     "translation": [0.303562, -0.989074, 0.443374],
                     "children": []
                 },
                 {
                     "title": "WHEEL_HUB",
                     "filename": "wheel_hub.ol",
                     "rotation": [0.00000000000000006123233995736766, -1, 0, 1, 0.00000000000000006123233995736766, 0, 0, 0, 1],
                     "translation": [-0.303562, -0.989074, 0.443374],
                     "children": []
                 },
                 {
                     "title": "TIRE",
                     "filename": "tire.ol",
                     "rotation": [1, 0, 0, 0, 1, 0, 0, 0, 1],
                     "translation": [-0.303562, -0.989074, 0.443374],
                     "children": []
                 },
                 {
                     "title": "TIRE",
                     "filename": "tire.ol",
                     "rotation": [-1, -0.00000000000000012246467991473532, 0, 0.00000000000000012246467991473532, -1, 0, 0, 0, 1],
                     "translation": [0.303562, -0.989074, 0.443374],
                     "children": []
                 },
                 {
                     "title": "HUB_CAP",
                     "filename": "hub_cap.ol",
                     "rotation": [0.00000000000000006123233995736766, -1, 0, 1, 0.00000000000000006123233995736766, 0, 0, 0, 1],
                     "translation": [-0.370237, -0.989074, 0.443374],
                     "children": []
                 },
                 {
                     "title": "HUB_CAP",
                     "filename": "hub_cap.ol",
                     "rotation": [0.00000000000000006123233995736766, 1, 0, -1, 0.00000000000000006123233995736766, 0, 0, 0, 1],
                     "translation": [0.370237, -0.989074, 0.443374],
                     "children": []
                 }
             ]
         },
         {
             "title": "RT_ARM",
             "filename": "rt_arm.ol",
             "rotation": [1, 0, 0, 0, 1, 0, 0, 0, 1],
             "translation": [0, 0, 0],
             "children": []
         },
         {
             "title": "LT_ARM",
             "filename": "lt_arm.ol",
             "rotation": [1, 0, 0, 0, 1, 0, 0, 0, 1],
             "translation": [0, 0, 0],
             "children": []
         },
         {
             "title": "NUT_1_4",
             "filename": "nut_1_4.ol",
             "rotation": [-0.6546536753371506, -0.2672612398207607, 0.7071067776913401, 0.0000000000000000801719528051692, 0.9354143470306225, 0.35355338970129246, -0.7559289420094726, 0.23145502599585907, -0.6123724402466979],
             "translation": [0.134863, -0.912009, 0.293385],
             "children": []
         },
         {
             "title": "NUT_1_4",
             "filename": "nut_1_4.ol",
             "rotation": [-0.6546536753371506, 0.26726123982076094, -0.7071067776913401, 0.0000000000000000801719528051692, 0.9354143470306225, 0.3535533897012927, 0.7559289420094726, 0.23145502599585907, -0.6123724402466979],
             "translation": [-0.134863, -0.912009, 0.293385],
             "children": []
         },
         {
             "title": "NUT_1_4",
             "filename": "nut_1_4.ol",
             "rotation": [0.00000000000000006123233995736766, -0.00000000000000006123233995736766, 1, 1, 3.7493994566546440000000000000000000E-33, -0.00000000000000006123233995736766, 0, 1, 0.00000000000000006123233995736766],
             "translation": [-0.00635, -0.93708, 0.209809],
             "children": []
         },
         {
             "title": "NUT_1_4",
             "filename": "nut_1_4.ol",
             "rotation": [0.00000000000000006123233995736766, 0.00000000000000006123233995736766, -1, -1, 3.7493994566546440000000000000000000E-33, -0.00000000000000006123233995736766, 0, 1, 0.00000000000000006123233995736766],
             "translation": [0.00635, -0.93708, 0.209809],
             "children": []
         }
     ]
 }